0.7515877174671298
0.2417335179224957
0.1851558206506126
0.2931638878973714
0.1430731171301047
0.3163583545559762
5.721266633963815e-06
0.01036316847592867
0.06337410666138046
0.4197798040966321
0.005522458577995972
0.02459611161798014
1.248505608684625
0.04641175318793876
0.05153723585166674
0.17118491723471
0.2019752970294156
0.4631231948107978
0.3735378910982862
0.09961213852027978
1.708208485912837
0.0009079082929772708
0.0001004566897797623
0.005538637839059011
0.01956460824633666
0.01610201175193262
0.07937760755013516
0.9469137854489662
0.2143564887570125
0.2277744983976148
1.375983243261455
0.2989297702495607
0.3782615952032807
0.3003110519724337
0.9379209813560389
0.5979270289730211
0.1299697304533109
0.6051009084150681
0.4140666112084947
0.002386617969229907
0.04238147661602857
0.0259210341327896
0.2113228296013412
0.1235354755226356
0.02665738209353788
0.7227441897783207
0.4771967654296566
0.02045698412151952
0.41277910979205
0.5337479550958526
0.6989365595623567
0.0008117266022596769
0.01224032356476802
0.05867215075076171
0.001044074300493187
0.0007642815974097143
0.1346588345707859
0.002628572935978108
0.02086175945046825
0.01141795183801928
0.5869638108594062
0.3717502893875106
0.1930782611601249
0.4495263344788044
0.6953160949852283
0.4619609714215187
0.8911264269693502
1.317655909837985
1.007099018146186
0.3327645246501911
0.3159464174626817
0.880603281971637
0.105266943611278
0.3180104163823995
0.5765318861556101
0.001901048383044929
0.06417182777864404
0.2749123940234275
0.02378261122118136
0.007504994315575828
0.08322391878614037
0.2273530168028578
0.2965988703145431
0.03345994562818728
0.4588955483131795
0.4918424788029176
0.1174459403248646
0.003282005974352506
0.1416079829564662
0.3652605115173364
0.1618492479882832
0.01295230532723629
0.1328396059673941
0.01885007054271907
0.1514350113536148
0.221872482898323
0.05986211015092378
0.1315197698399095
0.0004196091410766029
0.218271459126529
0.2043931847381206
0.4581574623263967
0.3485143271207325
0.4806630712813273
0.4793472476937685
0.1074955396996302
0.5033730209136515
0.3744617700475814
0.02295194168275174
0.189434378512934
0.2683363020238341
0.0483159437126147
0.5150814962864374
0.04812061133964838
0.2883979234744855
0.02525402158468853
0.1347673582281864
0.3744768666559934
0.6094730115531616
3.15677652490261e-05
0.3601223392895101
0.461508997073996
0.2241568948475718
0.1098674895376234
0.294169721212348
0.1370298040338227
0.102518899291722
0.01787567092919347
0.02166665638454945
0.004738449453729351
0.08513177433119855
0.01675189401862922
0.08204582752935749
0.3119525199358781
0.2615282117292382
0.3215440715775425
0.5715513751602022
0.6029403555474242
0.1584175768248778
0.4518787764322841
0.4488364620040758
0.08944608540931392
0.1844041566815363
0.1406404680877768
0.1279051793613885
0.1120478582310236
0.1722215997092863
0.0174470139446633
0.1382369025452851
0.2149671007733632
0.01374332910511943
0.008907415070460962
0.4499406985622802
0.1351764378548398
0.09540289937160516
0.02178804437375725
0.3740073308428362
0.2196779630202114
0.1726173464797017
0.1863957881298024
0.08977621134952761
0.2597546228467648
0.09923110491439471
0.05200379896027857
0.05313566678600875
0.004627953154965169
0.1526825874622623
0.004790708059832892
0.02352895096211882
0.2060910159400388
0.1231247490644076
0.1461119187693297
0.2803943568931656
0.149489120475169
0.1023441013765105
0.1864594096643746
0.1950615202481646
0.1138853028839286
0.08401542046512074
0.2029984663278937
0.09161415104337124
0.1327041713112271
0.564746625213288
0.02210629056218617
0.03187357001246908
0.8829595178364966
0.1356452517636801
0.04556174527487322
0.308806797040297
0.6429637145521288
0.5492355784222843
0.002326508140468118
0.3039701597440548
0.5127471155413861
0.0420501941140368
0.1606300589462074
0.1341664267095749
0.03514570605469364
0.03738259981106979
0.004218041761574639
0.07160473561853553
8.761180367648356e-05
0.1387375811823117
0.1890866809708287
0.08322391878614037
0.3504131464827184
0.2494225344993848
0.06660319020420864
0.215425912185617
0.1368527438637362
0.07635538758268595
0.1270123774710158
0.1353687315547586
0.09334786405016482
0.1841995440480065
0.2514812720233258
0.06585416541560833
0.233250109882727
0.3195655115503683
0.01080159213919954
0.1204273200213469
0.6105340013009271
0.003744957258502735
8.668400071717404e-05
0.517420937576575
0.2342047322339443
0.1176823417480286
0.01778291962686649
0.105863954140014
0.2440076535143003
0.2592291700363421
0.2784943992410259
0.02076521990052888
0.1845641429120847
0.08278452278319798
0.004949333702587664
0.06644610720758015
0.03117422592258642
0.06582024696562501
0.003001406164257839
0.06926752290099628
0.217191477486583
0.005943036365356753
0.01717309133338077
0.2778751500844213
0.01426656674647946
0.05887729040336498
0.2937461940915364
0.1209331368345722
0.1301294898103472
0.3102242903434805
0.7755246214831402
0.001126308190769549
0.05043958819791296
0.5048999182458291
0.004930563279052016
0.0152379789271973
0.5773946265434458
0.32213710118359
0.304151124359854
0.6512234248860889
0.4142732644223224
0.4456007858158808
0.1465830759107196
0.2484224673355191
0.4198435252206726
0.1501304879635594
0.3227775934750481
0.2636735460499158
0.006250496392213294
0.1606818872575883
0.000980287437239504
0.007308128582606241
0.005449968009526049
0.03281545807587502
0.02891246706837856
0.004768273814255107
0.1528017822964811
0.02204948496435566
0.06340721871652588
0.3457372486922538
0.2268183902376984
0.08314503785258635
0.3059873239526054
0.3674225243553642
0.1745051195562945
0.2356972613029049
0.5803368637718571
0.04463421167876324
0.1703459289120357
0.9004431576724795
0.01292532009686243
0.1957734430485475
0.2483127982337823
0.0749063104215604
0.02338391715795927
6.035116870882867e-05
0.2169842153177261
0.3014990847933408
0.01576199064737881
0.2563433316969438
0.08714535501171081
0.4800826529133423
0.4796609850209629
0.6255838297902305
0.1469619916242406
0.1272812089442922
0.3376957481201791
0.02265510386935497
0.0002193402245165129
0.0003370929599961785
0.2456214694788895
0.1208880892506896
0.01638084923977411
0.06720920651619916
0.03274921377687543
0.1798067152418528
0.1595826777562005
0.3222754952447122
0.2580869345085979
0.5910088395294792
0.1315197698399095
0.246952168348474
0.3858364624450102
0.02735540705768373
0.1023441013765105
0.5263980239863728
0.1562674535232267
0.5635634679643685
0.0136736282536756
0.1136837105258653
4.10613827391738e-06
0.1208404032763367
0.3426849847111091
0.2172083885649458
0.08513634037810042
0.534141969117324
0.4374827012916733
0.009903585272132687
0.3749151865829424
0.1485818466069137
0.01592731080750725
0.1822008181828803
0.3043924430927651
0.4216601638524192
0.1548805943779808
0.05748198493210879
0.1296616049063404
0.06324176808860062
0.2445005809864091
0.2392387957864251
0.2273757511503483
0.7174788350616927
0.3845048161469826
0.6887576654317771
0.9727104885686884
0.6879420976562132
1.120056867987512
0.2804880032360638
0.5324603600536967
0.002489994286889474
0.01253001675450688
0.07089123215543275
0.002280764434953376
0.004427006489393734
0.03213477867253949
0.3830703935848756
1.259247810423096
0.06497589549802242
0.05592292112436552
0.2507077226694633
0.008658478191706113
0.05748198493210879
0.2444163768226934
1.380597858663857
0.5503669902448541
0.8356198238614533
1.135168690716808
0.1857487868431142
1.523852619953236
0.07866636592729043
0.6193883804828988
0.5949022004303132
0.5956126408437107
0.03248675313598915
0.0008465146968449637
0.00392516654988218
0.6038397087685567
0.3414411197485762
0.03915922430240642
0.7891786026284295
0.169189143829292
0.04506122244572416
0.1613727471141855
0.07417492776141543
6.386257570062909e-06
0.7755246214831402
0.1781376094883939
0.3331940566575063
0.7500332409669944
1.330157593064295
1.199529961576255
