1.308325184867635
0.7096391838381015
0.618082778882958
0.784937892376712
0.5413884795480484
0.8170236080865072
0.003382682985279608
0.1440908910571929
0.3579083028210916
-0.9495886531257819
0.1051431904352785
0.2222488298053587
-1.764537414866234
0.3058528833395585
0.322437509797978
0.5936030106637804
0.6464687805315323
-1.001175694537952
-0.8921803161596605
-0.4500846036902744
-2.155725854027596
0.04261562371996753
0.01417451034263357
0.105297239928312
0.1981341496268682
0.1796959494945289
0.401095849316548
1.494629387885508
0.6666903026534849
0.6880257413264993
1.87465632016805
0.7930114642784729
0.8981704654390326
0.7949357346282898
1.486299510265159
1.151119762980277
0.5154308491575993
1.158738226804805
0.9426371108322184
-0.06910235300784363
0.2921730310988195
0.2281815306022374
0.6617849823197222
0.5022377279770022
0.231414088273509
-1.279672957409946
-1.017522048980283
-0.2026174857717549
-0.9410653332224665
-1.081464218508003
-1.255752138268016
-0.04029482425388027
0.1566227013307864
-0.3442394546669278
0.04570024086687305
0.03909933405378196
-0.5248541929589161
0.07252206430628491
0.2046191443402386
0.1512594672982782
1.139415554397819
0.8899054644618711
0.6315922322385513
0.9852019631469973
1.252091891046775
0.9998173875473335
1.442611604583974
1.824485308310419
1.549878318989753
0.8391244748774981
0.8164625930842664
1.432703585345565
0.4629038366119677
0.8192704697172699
1.128207413694682
-0.06167091480711188
0.3601779378573406
0.7589234904443964
-0.2185277080487813
0.1225919345306133
0.410831352730797
-0.687364182865095
-0.7897557013294949
0.2594123181491111
-0.9962285038669945
-1.034340579650795
-0.4894512626384075
-0.08104075543504609
-0.5385426217860663
-0.8816091852636775
-0.5767335359436624
0.1611230215862354
-0.5212166917023306
-0.1944707716461452
0.5573785009816752
-0.6787119109191958
0.3477474650830383
0.5185631468481942
0.02897027745892981
0.6729751688400892
0.6504604776159395
0.9953630114422504
0.8599189193730454
1.021519964783505
1.020003625888348
0.4678660241438094
1.04745014030413
0.8933542901642976
0.2146625703818945
0.6254103971168955
0.7493696778934383
0.312113868482664
1.060648411729037
0.311477225761734
-0.7782132920499745
-0.2252140076829485
0.5250704568551376
-0.893373463700097
-1.163365997985288
0.007945807867929528
-0.8749981167766623
-0.9992888062868838
-0.6823297603501141
-0.473094241967372
-0.7863511195188992
-0.5295606855604298
-0.4567160287166029
-0.1893623757787067
0.2085431540293646
0.09738782233523383
0.415580316572655
0.1832963155364538
0.4078728147320082
0.8110073025857893
0.7393716224100811
0.8240600059121753
1.122831182775802
1.156447079296031
0.5704208143802952
0.9879787666614526
0.9843865828009455
0.4261350905396454
0.6167875613437994
0.536655833566002
0.5112315923050255
0.477853340346841
0.5954500244757639
0.1870714580519378
0.5319422685958712
0.6676738887697672
-0.1659811237150943
0.1335713626705053
0.9856914803669736
-0.5258849343626774
-0.4403165308224806
0.2091286422888442
-0.8927769804648069
-0.6752208201139401
-0.5961537704805273
-0.6202142119349227
-0.4269326021105649
-0.7367485567684979
-0.4492085477781493
0.3239063824327625
-0.327443381516079
-0.09624474029298272
0.5597288061463461
0.09792380355755
0.2173545935313124
0.6532507886343873
0.5013847489168876
0.5472482454042025
0.7668128006574164
0.5536947141016976
0.4563197900431497
0.6203234001840945
0.6349346948430048
0.4818301107891452
0.4128077917567099
0.6481605357575264
0.4313473002632738
0.5209449670797559
1.11545890716254
-0.2106560189037308
0.2531545477537936
1.434924870144095
-0.5268169318111667
-0.3030176066400674
0.8066898225594931
-1.198447766495466
-1.098534910248912
-0.06822624901095684
-0.8000152170974013
-1.058025922192761
-0.2910208108975043
-0.5744978900336994
-0.5238719096659822
-0.2659042839944645
-0.2742869834577994
-0.09188045213939827
0.3807032692914583
-0.01323730206621566
0.5329272580927598
0.6248177323613686
0.410831352730797
0.86239948635041
0.7213102106659743
0.3670126110576713
0.6684121323533739
0.5292105293057229
0.3932862648989924
0.5094058384042143
0.5262673942317531
0.4354730878460217
0.6164345721263883
0.7244083166972124
0.3649201201154392
0.6965716392409448
0.8213809862749574
0.1471126500755538
0.4957493354654356
1.164487307919223
-0.08657131022323949
-0.01316702343616898
1.063272199546035
-0.6980524352791537
-0.4899533771187085
-0.1888690031623259
-0.4642379754226179
-0.7131077749168752
-0.7359699417982286
-0.7640860615672034
-0.2041435034229592
-0.6170634392341194
-0.4097302600348403
0.09953310051161705
-0.36657472718777
-0.250347251756259
0.3648250932533917
-0.0774972021658525
0.3743651215815239
0.671246477672051
0.1090772904514825
0.1855928693419638
0.7631956169769781
0.1691186202027608
0.3448466538407907
0.7857563017188582
0.4968105567537218
0.5157544922909001
0.8086376030379105
1.331847787453789
0.04746619114445245
0.3189560438394782
1.049177714730918
-0.09934402534956412
-0.1747956349661462
1.129137035295302
-0.8248616381573941
-0.8002657542854615
1.207004330659971
-0.9428892127252262
-0.9805557746082596
-0.5481517084248555
-0.7198012228203103
-0.9496659753123617
-0.5549113287550788
-0.8257267355807819
-0.7425341959863031
-0.1118661099077156
-0.5745930867291151
-0.0442819967650928
-0.1209713909947906
0.1044501983452762
0.2568879970904522
-0.2410490714588392
0.09769406973200159
0.5599528922128983
0.2103841897673873
0.3580027856773077
0.8562809812542497
0.6865242505025467
0.4106338886706229
0.8028043347848979
0.8843796216808708
0.5995006623741618
0.7003623044144597
1.132303692201828
0.2998940865877817
0.5921044763099916
1.451357379721112
-0.1609547273296308
0.6361307852773274
0.7196355831985823
-0.3894890918836219
0.2166810399306188
-0.01098651680539747
-0.6709142827728564
-0.796587790440527
-0.1777834892404784
-0.7316814267220731
-0.4205375205678075
-1.020851291123305
-1.020365315379872
-1.180321712128518
-0.5488773195477614
-0.5099562210539192
-0.8456781115290635
-0.2132646483211653
-0.0209450826260819
-0.02596581981983352
-0.7155606347740642
-0.4967161300144156
0.1812493812800725
-0.3686972808701776
0.256627155923651
0.6088128317107924
0.572571056964951
0.8250486245277037
0.7342750106606717
1.143742770110694
0.5185631468481942
0.7175778778416351
0.9077135591502579
-0.23443797841189
0.4563197900431497
1.073300259577567
-0.566433474960282
1.114173864263301
0.1655587297071791
-0.4813952906271318
-0.002865707969762737
-0.4966161547935241
-0.852268633274528
-0.6712735761207521
-0.415591620737884
-1.081900711329091
-0.9708968874934643
-0.1408542062678569
-0.8939300181873905
-0.5519695703566434
-0.1787158672455076
-0.6129770507902121
-0.8005997509350214
-0.9518684342648123
-0.5638481703746291
-0.3406961261792675
-0.5148061178796766
0.3575304454235583
0.7138577335754039
0.7058176341803322
0.6873998805864444
1.274404323328257
0.9060414036977024
1.245445753429773
1.518413868556842
1.244617855517807
1.651527090731545
0.7669469926076101
1.080036990010011
-0.07058368048350551
0.1584690973631458
0.3787790841060312
-0.06755193083442125
-0.09413049257279116
0.254195301619171
-0.9042375842840058
1.773886579943997
0.3624518555376401
0.3360001702326499
0.7232455386326104
-0.1316889327360749
-0.3406961261792675
0.7137296690992048
-1.878611850975275
1.099775119792049
-1.389974533654939
1.664951101549629
-0.6191028580784492
-2.000562212202593
-0.3992709979448369
-1.173819201127154
1.147898001552629
1.14865520540601
-0.2555911406871733
0.04114934122230267
-0.08863109743586145
1.157401137529019
0.8506292853300942
0.2807708597348478
1.345167404869967
0.5900327752640391
0.3013359700474215
0.5758606928491289
0.3875591506405559
-0.003573867475844557
1.331847787453789
0.6058947201957983
0.8396969216221137
1.306789787544025
1.83526715954298
1.721725944297868
