144
208
147
176
213
216
209
210
283
180
179
247
177
146
142
219
141
249
71
212
140
284
175
143
214
139
215
211
105
108
320
103
104
101
107
280
248
285
178
245
288
137
172
111
72
136
251
286
173
75
174
65
217
281
36
145
66
255
291
250
134
352
110
205
319
206
150
74
138
252
278
69
244
35
183
393
218
317
316
241
182
106
73
287
353
64
68
70
102
222
277
133
135
290
321
3
32
324
282
78
355
33
5
100
359
323
356
170
327
294
77
2
357
242
98
34
202
392
246
29
207
38
62
318
63
181
67
391
61
39
254
314
363
6
148
322
28
203
109
349
289
354
149
30
97
366
171
169
186
221
386
350
279
99
360
9
326
1
114
258
31
130
131
166
42
113
330
59
253
402
153
361
389
358
274
365
220
58
81
275
8
26
27
243
347
167
239
199
388
225
325
401
394
385
60
41
313
25
223
185
346
11
257
37
238
292
387
95
132
311
76
297
362
235
351
4
204
293
310
184
315
12
112
152
256
22
94
369
395
127
364
400
189
329
276
271
163
7
40
151
196
79
128
23
200
272
168
24
80
261
296
117
295
328
96
343
226
232
390
268
312
187
164
236
154
333
240
229
55
160
367
45
156
348
307
382
298
91
116
193
201
224
84
228
129
396
157
115
259
56
344
332
399
304
265
308
383
197
44
92
372
188
273
124
165
340
82
190
192
233
300
379
331
345
301
83
121
19
269
234
93
10
264
262
52
118
260
120
125
237
195
43
85
370
126
266
270
88
334
161
155
227
159
305
337
198
162
231
267
194
89
57
303
306
398
338
158
230
302
87
122
381
47
90
309
373
123
53
263
368
341
119
48
191
397
299
380
376
339
49
46
375
336
384
20
14
13
54
342
371
86
16
21
51
377
335
17
50
374
378
18
15
