0.0009583954504849544
0.0005173259684629737
0.0003749698093711573
0.002556898418937127
0.0003661361447383513
0.0007057143759172285
0.003988730231632358
0.001720303139252461
0.0008005966549318745
0.01469945658214798
0.002235423159883052
0.003314129062869631
0.04175015721110897
0.04240218561130665
0.1470830555513706
0.04443313263217073
0.06887284860719785
0.1302305641174824
0.01393395905518615
0.04062861369936227
0.04558469745042205
0.003051011091973796
0.004279247288752615
0.004769950792759291
0.002305911999863193
0.001547584615917181
0.001444953259897433
0.0007060862994126356
0.0005770148350051132
0.0007480337703219829
0.001075519218803599
0.0003496261493771985
0.0003736965610834777
0.000439242833324774
0.0003143762812779739
0.0002022471860303481
0.002088321162114579
0.0004537746495203995
0.0005777603646067862
0.004298530635323226
0.002268298314421317
0.001107126130662224
0.0167576277807508
0.01126074138601854
0.007062510283144243
0.03341558251288509
0.02367586516293765
0.02734669484859879
0.03438747895563632
0.07533343402203896
0.04700380049029552
0.0143573157815638
0.02528167889919796
0.04012870862746323
0.006914301732539797
0.009438982060120147
0.02210870891879289
0.001383894147913361
0.0009713025879162153
0.002247705381441751
0.0006569456953509404
0.0005333820018185695
0.0006648686143610438
0.0002986878278871038
0.0001776052540632184
0.0002305390338017689
0.000607782105892535
0.0003159868880151774
0.0002484962750238305
0.0002752851699886257
6.865311030667687e-05
0.0001520638474936861
0.0002778630800125766
0.0002749052363061771
0.0002023145907331559
0.002023605106506495
0.0004342674043103175
0.0003670445326399444
0.004100575390554107
0.004624727065684775
0.001709059790911078
0.01177371997171761
0.01277513300994289
0.008331796492051489
0.01604128559271901
0.04413051714762141
0.02401334111930122
0.01701364494717348
0.02150978733501352
0.02451741154587107
0.007101331823838963
0.01022690494343579
0.01314894481007093
0.003294584062540564
0.002550972642829078
0.005902961844606286
0.0008645946065207751
0.000515962099786824
0.001023692356791141
0.0004000059018570784
0.0001195288531852728
0.0003477622789620423
0.0001087619175252931
0.0001121802552546073
0.0001049871760565196
0.0002535607691716601
0.0001407587194692461
0.0001017958006404453
0.0008467787399930466
0.0001904452277504968
0.0001540364602572033
0.00295764137566668
0.001140014501964076
0.0008673240724517292
0.009127150596439178
0.007784380283580461
0.005068800505593749
0.01503046152044986
0.02793500599799258
0.01553297537015266
0.01402359767110992
0.02416678384495022
0.02680419901250759
0.01010303512926038
0.01517007920193598
0.01735069430420911
0.003420769806533966
0.004514012669146105
0.008496810993127697
0.001109406600203367
0.001184547078578315
0.002935251957257452
0.000340869126485969
0.0002453315096238691
0.0003280340665669601
0.0001472374956070603
0.0001372913132923299
0.000273181717853696
9.594939982259983e-05
7.814593397165825e-05
7.638733826758481e-05
8.992539929691146e-05
0.0001017504625725556
2.630654552655764e-05
0.0002435832826426003
0.0001045617310051236
3.741545357996919e-05
0.0007349605683960441
0.0007277513965735869
0.0002485888518152028
0.003984329657437857
0.003358904560513941
0.001423265024745763
0.006453428509590934
0.01947363897848996
0.007364530941299826
0.00898385206170311
0.02245824446913986
0.01819877648707405
0.00780509881619479
0.01780552703339204
0.02022858346870108
0.003729784326340073
0.006138730820987842
0.01157104277827149
0.001187231252066064
0.00211462106211746
0.00497530343952336
0.0008358579834452747
0.0004218484434408462
0.0009354500125232602
0.0001739126674722292
0.0001496177934799962
0.0001659188593791833
9.356412501856026e-05
3.851422934346039e-05
6.213736708969156e-05
0.0001236019653618211
7.667302058096899e-05
5.053470159491783e-05
0.0005435388203694831
0.0003696631477731864
0.0002385282350536783
0.003599757565295336
0.002017011019625059
0.0008554030655591869
0.006502168255615253
0.01017204492309902
0.003905977382502363
0.01191765846374656
0.02978683367238904
0.01394512732569946
0.007900395219220492
0.02199790876268042
0.01500107565795392
0.005070430520565316
0.01104719055961237
0.01892650479788304
0.002259602722373193
0.005002667104053705
0.008026271952113997
0.0006342688842723431
0.0007407907615566394
0.00280681777534576
0.0002226545995380001
0.0002523568476813446
0.0005319968100921639
2.650499220289252e-05
5.50006868875604e-05
7.412727414605483e-05
9.733283677537108e-05
3.927553274185132e-05
4.850264558070279e-05
0.0001152913667482643
4.946573085523335e-05
5.566482168943266e-05
0.000276053519422522
0.000257631669082653
7.09988475780251e-05
0.001588441976321779
0.0007645803292355901
0.0002925887688187728
0.00222071033973184
0.008786599865627765
0.00153986484064379
0.005943428755411724
0.02008020530450231
0.008362617232672417
0.007283324031282176
0.02247396909233666
0.01978791303123342
0.005425930830645221
0.01333240090797486
0.0142324157816377
0.002784129893021309
0.006888950917217169
0.01552952478342799
0.00276454641224684
0.001738034780942491
0.006243440323122904
0.0003068233972238014
0.000569808618252442
0.001582337782390469
0.0002422748524324366
0.0001335384971098046
0.000524218312983529
2.869610190719674e-05
0.0001089929024608766
9.953998293871332e-05
0.0003810708536022441
0.000202754209584705
0.000279178770861493
0.001268468146355404
0.0007256328029673721
0.0003023960354631119
0.002888894275669956
0.002591008324255946
0.001092508139533435
0.009543232078378401
0.01489258830038639
0.004709426773698127
0.01389617767696196
0.02543607545198497
0.01575540620030019
0.01001400198704063
0.01828854284310003
0.01948017081649362
0.006309139747172836
0.0136385294325854
0.01819618014471316
0.003605635553789548
0.004601457862347258
0.01200983573662422
0.001459012491206887
0.001885153827190275
0.003795977761680131
0.0002687472120885553
0.0002545960629642063
0.0009555626851674389
0.0001545573773981358
0.0001806752469769643
0.0002994059644455246
6.218096200508672e-05
9.69263402141921e-05
0.0001346482140933056
0.0002228736456186899
0.0002772993188067479
0.0001417638960488162
0.001075668787338685
0.0002450525587778756
0.0002217394196282487
0.002160843967923377
0.002660691160755452
0.0004975099640548842
0.005647985625674639
0.004851788722944075
0.002176304780685594
0.007939289983526013
0.03207322942191518
0.01273373258778518
0.01335889373379653
0.02402842173181339
0.02156537931179077
0.01006824083666267
0.01762895723843708
0.02190462037542627
0.007745989946315002
0.01052422424877596
0.02508704779324577
0.002784423310461971
0.00264599848756528
0.006155751214673088
0.002350755858626679
0.0007229142552014818
0.002987990859544746
0.0002173746606890648
0.0002341114716971836
0.000566082882719968
0.0002589565650694198
0.0001037656100384094
0.0003572015270524606
0.0006364323735100791
0.0004793566659890815
0.0003648018897072873
0.002193252806028381
0.001127496068083371
0.000475768197068103
0.005192605803911441
0.004109955471350582
0.001639490941024393
0.01337772359777924
0.009771346451345857
0.006762187922967323
0.01699548503737021
0.05251715003821927
0.03801833135557446
0.01926909323744782
0.02314320430665348
0.03245211148813943
0.0117638650820891
0.02827956810761479
0.04200701969914019
0.005736278454481819
0.0098555577170409
0.01312483535374235
0.002073157238572543
0.001587782749360339
0.007579611804142844
0.0006752371485540057
0.0009112797947468283
0.002445171449655002
0.0002302381339694097
0.0002471537658158182
0.000733609486864498
0.0003598833152764199
0.0003293078932570812
0.0004798770594010531
0.001362876774224369
0.0004051717743580602
0.0009084029910796878
0.00139032674474979
0.002563244708293601
0.0006730428837160183
0.00359505603628552
0.001581685152566056
0.0008291451787636852
0.007763233079994952
0.02722898817653257
0.003532422315261346
0.01654771317916704
0.04167524902467661
0.01064046117540933
0.02533895048901516
0.09392419688304919
0.0367819314263336
0.03189950176090625
0.05377178847455295
0.1130322316303268
0.01261469529123081
0.03124796304968792
0.02511117565152549
0.007797596824117024
0.0101656304757855
0.03867031251369043
0.001885549327545552
0.0007772856568119599
0.002395671104517437
0.001837684752078572
0.001337552255007701
0.005755546561127462
0.0005657582251984445
0.000501515855132809
0.0002616022002142631
0.001869890579281154
0.00348447877277117
0.00847713973534522
0.02998396163349512
0.02360320067618809
0.009467393413708898
0.003192809460844187
0.001729925487598643
0.001170895105236593
